chr	probe_start	probe_end	coverage	targeted.base	sequenced.base	copy.number	logR	ratio	spec	sens	average.coverage
chr1	69091	16785516	52261220	523672	0	1	-0.538	0.688725023191569	0.990000000000001	1	99.7976214118761
chr1	16890439	16918516	455681	1804	0	1	-0.1065	0.928838707495901	0.99	1	252.594789356984
chr1	17248447	17275436	163282	3920	0	1	-1.2348	0.424901399328003	0.99	1	41.6535714285714
chr1	17277398	38174102	71156873	653463	0	1	-0.5237	0.695585613779316	0.989999999999998	1	108.891969399951
chr1	38183998	38187550	98392	1541	0	1	-0.9487	0.51809910625971	0.99	1	63.8494484101233
chr1	38188675	104160742	116562543	1024463	0	1	-0.4604	0.726784723209994	0.99	1	113.779163327519
chr1	104161533	104301280	1275813	6498	0	1	-0.0779	0.947435739564493	0.99	1	196.339335180055
chr1	107599301	110224524	10949168	88544	0	1	-0.4643	0.724822678128669	0.99	1	123.657932779183
chr1	110230417	110235959	217471	1364	0	1	-1.9881	0.252070640912689	0.99	1	159.436217008798
chr1	110254883	120277411	27467264	216333	0	1	-0.4572	0.728398572466091	0.99	1	126.967517669519
chr1	120277873	120285699	126455	1148	0	1	-0.7959	0.575983743941861	0.99	1	110.15243902439
chr1	120286489	120548228	2491405	16533	0	1	-0.5062	0.704074501239146	0.99	1	150.692856710821
chr1	120572474	150681470	18928837	140550	0	3	0.0799	1.0569447761931	0.989999999999999	1	134.676890786197
chr1	150683958	150684117	10199	160	0	NA	0.7567	1.68962138540238	NA	NA	63.74375
chr1	150684223	150684378	4432	156	0	NA	0.7567	1.68962138540238	NA	NA	28.4102564102564
chr1	150686484	150686651	3090	168	0	NA	0.7567	1.68962138540238	NA	NA	18.3928571428571
chr1	150687058	150687196	2597	139	0	NA	0.7567	1.68962138540238	NA	NA	18.6834532374101
chr1	150689569	249212592	257898978	2083725	0	3	0.0893	1.06385387208744	0.99	1	123.76824101069
chr2	41522	101591434	162971823	1400504	0	3	0.1125	1.08110001783426	0.990000000000001	1	116.366553040905
chr2	101591870	101610022	137120	1446	0	1	-0.1603	0.894838975046085	0.99	1	94.8271092669433
chr2	101611854	101706841	670667	5417	0	3	0.1125	1.08110001783426	0.990000000000001	1	123.807827210633
chr2	101767554	101767736	2650	183	0	NA	-0.5879	0.665310634761196	NA	NA	14.4808743169399
chr2	101869422	101869951	6188	530	0	NA	-0.5879	0.665310634761196	NA	NA	11.6754716981132
chr2	101874208	109067607	9151920	71007	0	3	0.0941	1.0673993219589	0.990000000000001	1	128.887574464489
chr2	109068790	109102394	167943	4421	0	3	0.4446	1.36093673240175	0.99	1	37.9875593757069
chr2	109102919	115200473	14999460	119105	0	3	0.1111	1.08005142069808	0.989999999999999	1	125.93476344402
chr2	115919733	115919907	3708	175	0	NA	-2.07970040605156	0.23656353200293	NA	NA	21.1885714285714
chr2	116066775	116101522	45006	347	0	1	-2.3513	0.195969358599191	0.99	0.99999999999468	129.700288184438
chr2	116257038	141359224	28510734	236772	0	3	0.0869	1.06208556578236	0.989999999999999	1	120.414297298667
chr2	141457804	141474414	181830	1455	0	1	-0.4018	0.756913319678593	0.99	1	124.969072164948
chr2	141526747	141819874	828023	6207	0	3	0.0764	1.05438372000904	0.99	1	133.401482197519
chr2	141945945	142012235	112759	962	0	1	-2.2314	0.212951972759082	0.99	1	117.213097713098
chr2	142237920	242815427	199012365	1651589	0	3	0.1114	1.08027603442997	0.990000000000002	1	120.497511790161
chr3	361410	49721896	106366415	883258	0	3	0.0766	1.05452989876169	0.990000000000002	1	120.425079648302
chr3	49721947	49726153	213847	2839	0	1	-0.1439	0.905069195324835	0.99	1	75.3247622402254
chr3	49728545	75788501	56239110	455699	0	3	0.0766	1.05452989876169	0.990000000000002	1	123.412844882258
chr3	75790386	75790919	29946	369	0	1	-0.8962	0.537300095655279	0.99	0.999999891540336	81.1544715447154
chr3	75832434	197896760	174802966	1428329	0	3	0.1113	1.08020115799627	0.990000000000002	1	122.382844568723
chr4	53305	21699085	34330232	320726	0	1	-0.5234	0.695730271781296	0.990000000000001	1	107.039129973872
chr4	21950129	25665986	3832196	31707	0	3	0.0565	1.03993978839336	0.99	1	120.862774781594
chr4	25667750	25750224	393585	2445	0	1	-0.0998	0.933162346340283	0.99	1	160.975460122699
chr4	25759126	25849499	643783	4588	0	1	-0.3939	0.761069441905217	0.99	1	140.31887532694
chr4	25864249	25864458	101	210	0	NA	0.327568800646603	1.25489686585787	NA	NA	0.480952380952381
chr4	25915886	36152682	2118143	19856	0	3	0.0992	1.07117930988261	0.99	1	106.675211522965
chr4	36160302	36160522	2428	221	0	NA	0.7327	1.66174613686234	NA	NA	10.9864253393665
chr4	36160917	36161127	14653	211	0	NA	0.7327	1.66174613686234	NA	NA	69.4454976303318
chr4	36162081	36162286	3489	206	0	NA	0.7327	1.66174613686234	NA	NA	16.9368932038835
chr4	36163035	66270210	31410535	269915	0	3	0.0929	1.06651185330125	0.989999999999999	1	116.371950428839
chr4	66279954	69362544	3108783	30332	0	1	-0.4754	0.719267339105654	0.99	1	102.491856784914
chr4	69403323	69465264	180016	2033	0	1	-2.0984	0.233517083061352	0.99	1	88.5469749139203
chr4	69479466	69479602	2688	137	0	NA	-4.36906226310529	0.048392850681504	NA	NA	19.6204379562044
chr4	69484244	69484429	777	186	0	0	-Inf	0	NA	NA	4.17741935483871
chr4	69492299	70080445	1506421	11857	0	1	-0.4727	0.720614706455687	0.99	1	127.049084928734
chr4	70146174	70160555	223959	1622	0	1	-1.8727	0.273061912161478	0.99	1	138.075832305795
chr4	70346304	190948379	137496776	1132454	0	1	-0.4334	0.740514556314184	0.989999999999999	1	121.414888375157
chr5	140405	180795266	249563738	2146459	0	3	0.1693	1.1245127353175	0.989999999999997	1	116.26764732054
chr6	292466	13053761	16080416	140546	0	3	0.1126	1.08117495657434	0.989999999999999	1	114.41390007542
chr6	13160380	13612144	820223	6800	0	1	-2.4049	0.188822160896608	0.99	1	120.621029411765
chr6	13615574	29055049	24640161	198852	0	3	0.0873	1.06238007925488	0.990000000000001	1	123.912060225695
chr6	29141363	29142384	45638	1022	0	1	-0.827507352551281	0.563502004479432	0.999999997781408	0.9999	44.6555772994129
chr6	29230436	57512706	70977704	712019	0	3	0.0873	1.06238007925488	0.990000000000001	1	99.6851263800545
chr6	62390821	100895309	35762611	327055	0	1	-0.4391	0.7375946006077	0.99	1	109.347391111587
chr6	100895985	100901757	137191	1149	0	1	-0.9213	0.528032999883327	0.99	1	119.400348128808
chr6	100911145	132271334	38399707	327834	0	1	-0.4407	0.736777035457389	0.99	1	117.131557434555
chr6	132271397	132272363	42844	751	0	1	-1.051	0.482633512435878	0.99	0.99999999997727	57.0492676431425
chr6	132618256	136570282	6396911	49280	0	1	-0.439	0.73764572854142	0.99	1	129.80744724026
chr6	136582156	136665451	557117	3700	0	1	-0.0675	0.954290225032185	0.99	1	150.572162162162
chr6	136666977	162206956	44717238	359471	0	1	-0.4511	0.731484905924886	0.99	1	124.397344987496
chr6	162394288	162475224	52412	307	0	1	-2.2412	0.211510325560399	0.99	0.999999999999965	170.723127035831
chr6	162622154	170892858	9515064	81553	0	1	-0.5156	0.699501957609375	0.99	1	116.673378048631
chr6	170893342	170893669	1386	328	0	NA	-1.00113864361471	0.499605531881389	NA	NA	4.22560975609756
chr7	193180	57510064	76294404	682103	0	3	0.0872	1.06230644323128	0.990000000000001	1	111.851735001899
chr7	57522152	77885898	21827568	203270	0	3	0.4355	1.35237945081985	0.99	1	107.382141978649
chr7	77973059	78150995	210437	1291	0	1	-0.4157	0.749655671185514	0.99	1	163.003098373354
chr7	78256391	100320767	41771308	371708	0	3	0.426	1.3435034257213	0.989999999999998	1	112.376672011364
chr7	100331723	100336268	48897	1222	0	3	0.9608	1.94638890281659	0.99	0.999995474383355	40.0139116202946
chr7	100344122	146829616	93513746	740003	0	3	0.3937	1.31375841036201	0.990000000000002	1	126.369414718589
chr7	146997208	148106573	469373	3373	0	1	-0.4712	0.721364334167983	0.99	1	139.155944263267
chr7	148112509	158935269	24339112	240851	0	3	0.4119	1.33043681903155	0.99	1	101.054643742397
chr7	158937339	158937507	101	169	0	NA	0.737707500512608	1.66752397090266	NA	NA	0.597633136094675
chr8	190815	141829151	158233972	1350343	0	3	0.115	1.08297504552592	0.989999999999999	1	117.180577083008
chr8	141840499	141840655	2318	157	0	NA	0.7614	1.69513479590543	NA	NA	14.7643312101911
chr8	141856306	141856459	3319	154	0	NA	0.7614	1.69513479590543	NA	NA	21.5519480519481
chr8	141856662	142368042	933602	9327	0	3	0.0704	1.05000776723782	0.99	1	100.096708480755
chr8	142432293	142437970	69529	705	0	1	-0.6572	0.634107787564448	0.99	1	98.622695035461
chr8	142440980	146279574	16246162	214634	0	3	0.0318	1.02228680174338	0.989999999999999	1	75.6923972902709
chr9	14771	21862081	28078907	219075	0	3	0.1087	1.07825619130884	0.99	1	128.170293278558
chr9	21968140	21971238	39387	557	0	1	-2.8667	0.137099954743664	0.99	0.999999999772185	70.7127468581688
chr9	21974448	21974864	11766	417	0	NA	-2.94879824332709	0.129515956605495	NA	NA	28.2158273381295
chr9	21994112	131446322	152511963	1287072	0	3	0.1002	1.07192205218626	0.990000000000001	1	118.49528464608
chr9	131451804	131451979	671	176	0	NA	0.224425389289523	1.16831182920386	NA	NA	3.8125
chr9	131453391	131465268	91801	1500	0	3	0.3771	1.29872862061823	0.99	0.999999999999059	61.2006666666667
chr9	131467556	135147229	13228529	122232	0	3	0.0794	1.05657853051649	0.989999999999999	1	108.22476111002
chr9	135150598	135187269	309795	2650	0	1	-0.3554	0.781652892882467	0.99	1	116.903773584906
chr9	135201664	141124310	27679297	312044	0	3	0.0457	1.03218387656232	0.989999999999998	1	88.7031860891413
chr10	92997	38692575	50943804	435899	0	3	0.13	1.09429370126074	0.989999999999998	1	116.870660405277
chr10	43088031	68139135	32836284	247046	0	1	-0.4674	0.723266882972743	0.99	1	132.915667527505
chr10	68280333	68535321	94544	783	0	1	-2.2803	0.205854943533807	0.99	1	120.745849297573
chr10	68686249	94821242	46970732	423191	0	1	-0.4751	0.71941692209602	0.99	1	110.99180275573
chr10	94821767	94835735	154390	2804	0	1	-0.8559	0.552520538878058	0.99	1	55.0606276747504
chr10	94836282	135379064	90154289	766063	0	1	-0.4832	0.715389079152278	0.989999999999999	1	117.685215184652
chr10	135438558	135440265	225231	1035	0	1	-0.2144	0.861904541205104	0.99	1	217.614492753623
chr11	193050	14316135	59765213	494225	0	3	0.0463	1.03261323904587	0.99	1	120.927134402347
chr11	14316296	14480233	37068	852	0	3	0.3535	1.27765648446748	0.99	0.999731749648006	43.5070422535211
chr11	14481710	14992757	1195107	12383	0	3	0.0855	1.0610554114356	0.990000000000001	1	96.511911491561
chr11	15096209	15260645	419501	2870	0	1	-0.1216	0.919167695551617	0.99	1	146.167595818815
chr11	15261933	30034225	18589556	147994	0	3	0.0855	1.0610554114356	0.990000000000001	1	125.61020041353
chr11	30253424	30439201	286454	2104	0	1	-0.4902	0.711926397002306	0.99	1	136.147338403042
chr11	30516818	63411770	77797341	611285	0	3	0.0736	1.05233934383806	0.99	1	127.268526137563
chr11	63413957	63414079	1972	123	0	NA	0.5827	1.49764947458895	NA	NA	16.0325203252033
chr11	63419348	63419514	2324	167	0	NA	0.5827	1.49764947458895	NA	NA	13.9161676646707
chr11	63419898	63420071	10883	174	0	NA	0.5827	1.49764947458895	NA	NA	62.5459770114943
chr11	63426198	63426409	4578	212	0	NA	0.5827	1.49764947458895	NA	NA	21.5943396226415
chr11	63426462	78282523	62751152	623243	0	3	0.0583	1.04123809454856	0.990000000000001	1	100.684888558716
chr11	78285347	78489749	1306125	7265	0	1	-0.0576	0.960861234327189	0.99	1	179.783207157605
chr11	78497893	78523377	84242	755	0	1	-0.324	0.798851916449148	0.99	1	111.57880794702
chr11	78525299	134257592	99391443	799202	0	3	0.0902	1.06451774571964	0.99	1	124.363356197807
chr12	176015	6943237	22722154	192009	0	1	-0.5178	0.698436083323086	0.99	1	118.339004942477
chr12	6946100	6950539	107176	1278	0	1	-0.8232	0.565186926586199	0.99	1	83.8622848200313
chr12	6950695	34179850	54073040	437102	0	1	-0.4512	0.731434205012049	0.99	1	123.70805898852
chr12	38327831	111990268	164400261	1391217	0	3	0.1058	1.07609093656336	0.99	1	118.170106460746
chr12	111990696	111990826	3859	131	0	NA	0.6559	1.57559855614391	NA	NA	29.4580152671756
chr12	111991897	111992041	3718	145	0	NA	0.6559	1.57559855614391	NA	NA	25.6413793103448
chr12	111993609	111993755	6664	147	0	NA	0.6559	1.57559855614391	NA	NA	45.3333333333333
chr12	112036543	112037318	1001	776	0	NA	0.81307686293277	1.75695453982151	NA	NA	1.28994845360825
chr12	112081996	133781116	54530230	493539	0	3	0.0947	1.06784333318036	0.99	1	110.488188370119
chr13	19323679	115091769	100832977	865219	0	1	-0.4478	0.733160009108594	0.99	1	116.540410000243
chr14	19377546	36982413	50479214	404084	0	1	-0.4708	0.721564366558834	0.990000000000001	1	124.922575504103
chr14	36986483	37145657	225499	3427	0	1	-0.8343	0.560855101598785	0.99	1	65.8007003209805
chr14	37147593	73686029	53649203	478198	0	1	-0.4296	0.742467612512406	0.989999999999998	1	112.190354204744
chr14	73706448	73720673	123543	1908	0	1	-0.8567	0.55221424136663	0.99	1	64.75
chr14	73721211	107283290	73084664	643934	0	1	-0.485	0.714497069870547	0.989999999999999	1	113.497134799529
chr15	20169870	40512960	29830961	232030	0	1	-0.4696	0.722164796603579	0.990000000000001	1	128.56510365039
chr15	40544451	40565704	173989	2406	0	1	-0.7897	0.578464367730552	0.99	1	72.3146300914381
chr15	40565736	75913423	108544369	946152	0	1	-0.4599	0.727036651254159	0.989999999999998	1	114.721914660646
chr15	75931949	76136198	766399	10877	0	1	-0.7934	0.576982713003023	0.99	1	70.4605130091018
chr15	76136650	102500819	48647664	417622	0	1	-0.4957	0.709217480136265	0.99	1	116.487311492211
chr16	97385	10532125	38588641	449150	0	3	0.0746	1.05306902274546	0.99	1	85.9148191027496
chr16	10534206	10567880	35705	792	0	3	0.5321	1.44603252240866	0.99	0.999676894046173	45.0820707070707
chr16	10574713	67517325	108421327	944881	0	3	0.0947	1.06784333318036	0.990000000000002	1	114.746012460828
chr16	67572335	67572479	1564	145	0	NA	0.9356	1.91268593351565	NA	NA	10.7862068965517
chr16	67572546	67572727	1213	182	0	NA	0.9356	1.91268593351565	NA	NA	6.66483516483517
chr16	67572846	77245222	37738953	305391	0	3	0.0762	1.05423756151966	0.990000000000002	1	123.575851940627
chr16	77245966	77246565	12299	465	0	1	-0.63	0.646176415318746	0.99	0.995239916129988	26.4494623655914
chr16	77246736	90142368	23684163	250785	0	3	0.0762	1.05423756151966	0.990000000000002	1	94.4401100544291
chr17	5966	21826336	93953733	825106	0	1	-0.5072	0.703586643081994	0.989999999999997	1	113.868682326877
chr17	23393875	23394115	0	241	0	0	NA	NA	NA	NA	0
chr17	23394158	23394548	0	391	0	0	NA	NA	NA	NA	0
chr17	25621343	33266764	26046286	223531	0	3	0.1014	1.07281402279288	0.99	1	116.522030501362
chr17	33267510	33279098	31756	679	0	3	0.5314	1.44533107323892	0.99	0.99891949021615	46.7687776141384
chr17	33281420	44851299	66886133	607010	0	3	0.1007	1.07229361644384	0.990000000000002	1	110.189507586366
chr17	44895838	44954090	75736	1402	0	1	-0.2005	0.870248905738173	0.99	1	54.0199714693295
chr17	45000474	67256589	63600934	553960	0	3	0.1007	1.07229361644384	0.990000000000002	1	114.811419597083
chr17	67257226	67257400	2220	175	0	NA	0.6539	1.57341582605291	NA	NA	12.6857142857143
chr17	67257728	67257889	1391	162	0	NA	0.6539	1.57341582605291	NA	NA	8.58641975308642
chr17	67260837	67261073	7312	237	0	NA	0.6539	1.57341582605291	NA	NA	30.8523206751055
chr17	67264039	67264225	5246	187	0	NA	0.6539	1.57341582605291	NA	NA	28.0534759358289
chr17	67266719	67297435	208888	2690	0	3	0.2288	1.17185981814773	0.99	1	77.653531598513
chr17	67298824	67299047	4798	224	0	NA	0.9667	1.95436509176861	NA	NA	21.4196428571429
chr17	67300810	67300984	5173	175	0	NA	0.9667	1.95436509176861	NA	NA	29.56
chr17	67302821	81052337	47520717	501371	0	3	0.0757	1.05387225392959	0.990000000000001	1	94.7815430090691
chr18	158611	158773	723	163	0	NA	-1.53570892384831	0.344909811962768	NA	NA	4.43558282208589
chr18	163278	78005276	85843395	727980	0	1	-0.4542	0.729914810634533	0.989999999999999	1	117.919990933817
chr19	71926	111596	270743	1103	0	2	0.0835	1.05958549540545	0.99	1	245.460562103354
chr19	281373	10675730	63110983	706675	0	1	-0.5542	0.681034599333361	0.989999999999998	1	89.3069416634238
chr19	10676335	10679341	56475	903	0	1	-1.0959	0.467844176279013	0.99	0.999999999999998	62.5415282392027
chr19	10683673	17746999	42420176	430718	0	1	-0.5328	0.691211918941258	0.99	1	98.4871215040932
chr19	17749892	17774438	531848	3904	0	1	-2.6236	0.16226232830137	0.99	1	136.231557377049
chr19	17777387	29704041	16292043	206231	0	1	-0.5523	0.681932098901514	0.990000000000001	1	78.9990011201032
chr19	30017437	44861986	70293847	673216	0	3	0.4177	1.3357962784804	0.990000000000003	1	104.414997563932
chr19	44863853	44864000	8753	148	0	NA	0.8912	1.85471819358697	NA	NA	59.1418918918919
chr19	44864443	44864687	5148	245	0	NA	0.8912	1.85471819358697	NA	NA	21.0122448979592
chr19	44865921	44866131	9767	211	0	NA	0.8912	1.85471819358697	NA	NA	46.2890995260664
chr19	44890597	55336574	63097183	671438	0	3	0.4465	1.36273023912052	0.990000000000003	1	93.973208248565
chr19	55340766	55351174	210201	1246	0	2	-0.0895	0.939848419417443	0.99	1	168.700642054575
chr19	55358613	59082756	28192102	260813	0	3	0.4215	1.33931934926814	0.990000000000001	1	108.093162534076
chr20	68304	2442641	6010069	53766	0	3	0.351	1.27544439167854	0.99	1	111.781962578581
chr20	2443277	2443429	1153	153	0	NA	1.3287	2.51176240166993	NA	NA	7.5359477124183
chr20	2443695	2443892	3095	198	0	NA	1.3287	2.51176240166993	NA	NA	15.6313131313131
chr20	2444348	2444557	3601	210	0	NA	1.3287	2.51176240166993	NA	NA	17.147619047619
chr20	2446309	26042635	36335691	313243	0	3	0.3945	1.31448711473356	0.99	1	115.998413372366
chr20	26049720	56993437	73418649	617515	0	3	0.0724	1.05146439650986	0.990000000000001	1	118.893709464547
chr20	57009619	57089823	205562	2506	0	1	-0.4818	0.716083633990388	0.99	1	82.0279329608938
chr20	57227028	58455556	2710371	28676	0	3	0.0891	1.06370640084721	0.99	1	94.5170525875296
chr20	58455995	58456124	2108	130	0	NA	1.1041	2.14964734274658	NA	NA	16.2153846153846
chr20	58456445	58456571	667	127	0	NA	1.1041	2.14964734274658	NA	NA	5.25196850393701
chr20	58456934	62904953	14534566	170662	0	3	0.0645	1.04572245719628	0.989999999999999	1	85.1658014086323
chr21	9908282	9909310	71059	479	0	1	-0.7002	0.615486876159358	0.99	1	148.348643006263
chr21	10862545	11098799	721374	4481	0	3	0.1789	1.132020433714	0.99	1	160.985047980362
chr21	14573721	48084310	55037950	496842	0	1	-0.5007	0.706763774057111	0.989999999999998	1	110.775558427025
chr22	16258186	42486862	83289313	775291	0	1	-0.5332	0.691020300869277	0.989999999999999	1	107.429743154506
chr22	42522526	42548488	152816	2209	0	1	-0.8864	0.540962314867042	0.99	1	69.1788139429606
chr22	42554405	51220745	22547009	231648	0	1	-0.5623	0.67722164981672	0.99	1	97.3330613689736
chrX	200805	2692841	3117724	27977	0	1	-0.4952	0.709463318782775	0.99	1	111.438824748901
chrX	2700064	32398807	27804682	293295	0	3	0.092	1.06584673606794	0.989999999999999	1	94.8010774135256
chrX	32404382	33357464	823819	7525	0	1	-2.5734	0.168007786161578	0.99	1	109.477607973422
chrX	34148005	154774959	143023900	1450634	0	3	0.0586	1.04145463643695	0.990000000000001	1	98.5940630096909
chrX	155003494	155240074	651931	4485	0	1	-0.4733	0.720315073535691	0.99	1	145.358082497213
chrY	150805	2608883	3050441	27213	0	1	-0.5184	0.698145672315369	0.99	1	112.094991364421
chrY	2655000	9175621	2164813	15828	0	1	-2.3363	0.198017521863636	0.99	1	136.771101844832
chrY	9176178	9368170	556059	2929	0	1	-1.9709	0.255093845957336	0.99	1	189.846022533288
chrY	14821344	22942938	4824268	42485	0	1	-2.4531	0.182617888772031	0.99	1	113.552265505473
chrY	23675191	27770690	3158778	18349	0	1	-2.0259	0.245551918587986	0.99	1	172.149871927625
chrY	59106522	59343119	662293	4603	0	1	-0.4974	0.708382265755933	0.99	1	143.882902454921
